,combinations,alpha,epsilon,gamma,i_max,mean_score,median_score
0,"(0.05, 0.05, 0.9, 1500)",0.05,0.05,0.9,1500,"[6.50000e-01 8.40000e-01 1.76000e+00 3.84000e+00 1.32200e+01 4.11220e+02
 4.85500e+02 5.55640e+02 1.24774e+03 1.81800e+03 1.56395e+03 1.56496e+03
 1.54469e+03 1.58182e+03 1.53752e+03]","[3.50000e-01 5.00000e-01 1.25000e+00 4.00000e+00 1.32500e+01 4.08400e+02
 4.71200e+02 5.32850e+02 1.23805e+03 1.81350e+03 1.56245e+03 1.56925e+03
 1.54155e+03 1.56130e+03 1.52040e+03]"
1,"(0.05, 0.05, 0.9, 2000)",0.05,0.05,0.9,2000,"[3.40000e-01 9.70000e-01 2.03000e+00 3.29000e+00 5.99000e+00 2.29600e+01
 2.21000e+02 7.74550e+02 6.90930e+02 1.15226e+03 1.64867e+03 1.33719e+03
 1.57505e+03 1.48153e+03 1.49076e+03]","[1.50000e-01 6.50000e-01 1.35000e+00 2.65000e+00 3.75000e+00 1.70000e+01
 2.15100e+02 7.67800e+02 6.64750e+02 1.20820e+03 1.63905e+03 1.28900e+03
 1.55785e+03 1.47100e+03 1.47130e+03]"
2,"(0.05, 0.05, 0.9, 2500)",0.05,0.05,0.9,2500,"[5.60000e-01 2.06000e+00 4.41000e+00 5.69000e+00 6.23000e+00 9.98000e+00
 4.24100e+01 5.13660e+02 1.00276e+03 1.38368e+03 1.45187e+03 1.80415e+03
 1.89200e+03 1.78420e+03 1.84120e+03]","[3.50000e-01 1.80000e+00 2.90000e+00 4.50000e+00 4.55000e+00 6.80000e+00
 3.45500e+01 4.81900e+02 9.78700e+02 1.30540e+03 1.43615e+03 1.80295e+03
 1.89795e+03 1.82300e+03 1.82045e+03]"
3,"(0.05, 0.05, 1, 1500)",0.05,0.05,1.0,1500,"[2.60000e-01 1.03000e+00 1.85000e+00 3.26000e+00 4.81000e+00 1.26000e+01
 2.26650e+02 8.21290e+02 1.02204e+03 1.02883e+03 1.45609e+03 1.43516e+03
 1.43002e+03 1.45876e+03 1.44977e+03]","[5.00000e-02 8.00000e-01 1.35000e+00 2.85000e+00 3.45000e+00 1.05500e+01
 2.19350e+02 8.11900e+02 1.02275e+03 1.02970e+03 1.44475e+03 1.43865e+03
 1.43165e+03 1.45080e+03 1.44290e+03]"
4,"(0.05, 0.05, 1, 2000)",0.05,0.05,1.0,2000,"[6.90000e-01 2.25000e+00 7.46000e+00 7.97000e+00 1.62200e+01 2.81300e+01
 3.23200e+01 3.27980e+02 6.66770e+02 7.46400e+02 1.07539e+03 1.21369e+03
 1.22759e+03 1.24765e+03 1.22378e+03]","[4.00000e-01 1.60000e+00 6.65000e+00 4.90000e+00 1.19000e+01 2.09500e+01
 2.54500e+01 3.22550e+02 6.83550e+02 7.21750e+02 1.05505e+03 1.21995e+03
 1.21900e+03 1.23380e+03 1.22825e+03]"
5,"(0.05, 0.05, 1, 2500)",0.05,0.05,1.0,2500,"[5.70000e-01 2.41000e+00 3.43000e+00 6.48000e+00 7.70000e+00 1.73000e+01
 2.77730e+02 3.56270e+02 8.24700e+02 1.27178e+03 1.34270e+03 1.34714e+03
 1.70243e+03 1.66112e+03 1.65568e+03]","[4.00000e-01 1.60000e+00 2.40000e+00 4.10000e+00 4.95000e+00 1.15500e+01
 2.57050e+02 3.24500e+02 8.52900e+02 1.24965e+03 1.32265e+03 1.30485e+03
 1.74190e+03 1.68805e+03 1.68755e+03]"
6,"(0.05, 0.1, 0.9, 1500)",0.05,0.1,0.9,1500,"[6.1000e-01 1.2600e+00 2.6300e+00 2.8300e+00 1.9080e+01 2.3330e+01
 1.7604e+02 2.4937e+02 4.1760e+02 3.9451e+02 5.1675e+02 6.1484e+02
 5.6506e+02 6.1108e+02 5.9530e+02]","[4.0000e-01 9.5000e-01 2.2500e+00 2.0000e+00 1.1350e+01 1.8500e+01
 2.4075e+02 2.6475e+02 3.9905e+02 3.6310e+02 5.0585e+02 5.6725e+02
 5.2940e+02 5.7015e+02 5.6990e+02]"
7,"(0.05, 0.1, 0.9, 2000)",0.05,0.1,0.9,2000,"[6.40000e-01 2.43000e+00 2.63000e+00 5.10000e+00 1.14000e+01 7.59300e+01
 2.44080e+02 4.46840e+02 6.47760e+02 9.87660e+02 8.52140e+02 6.65310e+02
 1.65018e+03 1.64935e+03 1.57194e+03]","[4.00000e-01 2.00000e+00 2.05000e+00 3.70000e+00 6.50000e+00 6.17500e+01
 2.30600e+02 4.32100e+02 6.23050e+02 9.19450e+02 7.85000e+02 5.78750e+02
 1.66005e+03 1.67095e+03 1.51785e+03]"
8,"(0.05, 0.1, 0.9, 2500)",0.05,0.1,0.9,2500,"[4.10000e-01 1.14000e+00 2.04000e+00 3.53000e+00 2.90000e+00 2.40100e+01
 1.18700e+01 2.25340e+02 5.54010e+02 4.97060e+02 1.15117e+03 1.37661e+03
 1.84323e+03 1.39642e+03 1.52907e+03]","[3.00000e-01 7.00000e-01 1.35000e+00 2.75000e+00 2.15000e+00 1.93000e+01
 9.10000e+00 2.17500e+02 5.18500e+02 4.76200e+02 1.12485e+03 1.31465e+03
 1.84140e+03 1.37390e+03 1.50045e+03]"
9,"(0.05, 0.1, 1, 1500)",0.05,0.1,1.0,1500,"[3.70000e-01 1.93000e+00 2.73000e+00 4.78000e+00 4.83000e+00 3.83900e+01
 4.42600e+02 3.25650e+02 6.79530e+02 1.04151e+03 1.15420e+03 1.20872e+03
 1.16581e+03 1.16970e+03 1.19935e+03]","[1.00000e-01 1.20000e+00 1.85000e+00 3.25000e+00 3.50000e+00 2.82500e+01
 4.52350e+02 3.04500e+02 6.61700e+02 1.07215e+03 1.14810e+03 1.24720e+03
 1.15200e+03 1.15645e+03 1.23100e+03]"
10,"(0.05, 0.1, 1, 2000)",0.05,0.1,1.0,2000,"[4.2000e-01 1.0400e+00 2.3500e+00 3.8400e+00 6.2700e+00 2.2290e+01
 5.2770e+01 7.8740e+01 5.4537e+02 8.9605e+02 9.4609e+02 9.2837e+02
 9.4890e+02 9.2817e+02 8.9130e+02]","[2.0000e-01 7.0000e-01 1.5500e+00 2.4500e+00 3.2000e+00 2.0100e+01
 3.7100e+01 5.7050e+01 4.9440e+02 8.5655e+02 9.1025e+02 9.0910e+02
 9.0470e+02 9.0800e+02 8.7130e+02]"
11,"(0.05, 0.1, 1, 2500)",0.05,0.1,1.0,2500,"[7.80000e-01 1.06000e+00 2.61000e+00 1.46140e+02 1.13100e+01 8.24300e+01
 2.21260e+02 4.44490e+02 8.55400e+02 1.35099e+03 1.37619e+03 1.55470e+03
 1.79030e+03 1.80935e+03 1.79377e+03]","[5.50000e-01 4.00000e-01 1.75000e+00 2.04250e+02 8.50000e+00 6.37500e+01
 2.14500e+02 4.32200e+02 8.35350e+02 1.42200e+03 1.38775e+03 1.56535e+03
 1.80405e+03 1.80790e+03 1.80740e+03]"
12,"(0.1, 0.05, 0.9, 1500)",0.1,0.05,0.9,1500,"[4.80000e-01 2.21000e+00 5.59000e+00 7.90000e+00 1.58800e+01 3.37100e+01
 5.65590e+02 6.86600e+02 1.54918e+03 1.99816e+03 1.56601e+03 2.00000e+03
 2.00000e+03 1.85703e+03 2.00000e+03]","[3.50000e-01 1.35000e+00 3.85000e+00 6.10000e+00 1.25000e+01 2.46000e+01
 6.24050e+02 6.55850e+02 1.54505e+03 2.00000e+03 1.60270e+03 2.00000e+03
 2.00000e+03 1.85435e+03 2.00000e+03]"
13,"(0.1, 0.05, 0.9, 2000)",0.1,0.05,0.9,2000,"[5.50000e-01 1.54000e+00 3.39000e+00 1.47700e+01 4.08600e+01 3.62890e+02
 4.44850e+02 1.22928e+03 2.00000e+03 2.00000e+03 1.74886e+03 2.00000e+03
 1.53805e+03 2.00000e+03 2.00000e+03]","[3.50000e-01 1.15000e+00 2.25000e+00 1.01000e+01 2.64000e+01 3.71450e+02
 4.25400e+02 1.21700e+03 2.00000e+03 2.00000e+03 1.68135e+03 2.00000e+03
 1.52005e+03 2.00000e+03 2.00000e+03]"
14,"(0.1, 0.05, 0.9, 2500)",0.1,0.05,0.9,2500,"[4.60000e-01 4.31000e+00 5.71000e+00 9.16000e+00 1.22700e+01 2.41790e+02
 9.71630e+02 1.17131e+03 2.00000e+03 1.94481e+03 1.72867e+03 1.73152e+03
 1.64873e+03 1.82196e+03 1.82956e+03]","[2.50000e-01 3.95000e+00 3.65000e+00 6.55000e+00 1.06000e+01 2.29250e+02
 9.11200e+02 1.15330e+03 2.00000e+03 2.00000e+03 1.71545e+03 1.74610e+03
 1.62275e+03 1.83230e+03 1.84605e+03]"
15,"(0.1, 0.05, 1, 1500)",0.1,0.05,1.0,1500,"[5.50000e-01 2.75000e+00 4.54000e+00 1.00900e+01 1.66700e+01 2.45520e+02
 7.93140e+02 1.06395e+03 1.38216e+03 1.51646e+03 1.12523e+03 1.12056e+03
 1.12945e+03 1.12800e+03 1.14443e+03]","[1.50000e-01 1.75000e+00 3.65000e+00 6.70000e+00 1.46500e+01 2.27300e+02
 7.11650e+02 1.01110e+03 1.34510e+03 1.51040e+03 1.11310e+03 1.07870e+03
 1.08100e+03 1.08535e+03 1.13005e+03]"
16,"(0.1, 0.05, 1, 2000)",0.1,0.05,1.0,2000,"[7.40000e-01 3.63000e+00 7.88000e+00 8.44000e+00 1.62800e+01 2.14930e+02
 4.94280e+02 1.01852e+03 1.42168e+03 1.71668e+03 1.26918e+03 1.35045e+03
 1.07846e+03 1.11001e+03 1.13265e+03]","[4.50000e-01 2.45000e+00 4.85000e+00 6.60000e+00 1.42500e+01 2.60850e+02
 4.48300e+02 1.04590e+03 1.48330e+03 1.73295e+03 1.27310e+03 1.33240e+03
 1.08970e+03 1.09955e+03 1.10660e+03]"
17,"(0.1, 0.05, 1, 2500)",0.1,0.05,1.0,2500,"[7.00000e-01 1.73000e+00 2.61000e+00 1.03900e+01 6.45800e+01 1.14350e+02
 3.12760e+02 8.04870e+02 1.27890e+03 1.48825e+03 1.34129e+03 1.60306e+03
 1.61450e+03 1.60934e+03 1.61490e+03]","[4.00000e-01 9.50000e-01 1.40000e+00 8.40000e+00 4.67500e+01 7.85000e+01
 2.65450e+02 7.58800e+02 1.22800e+03 1.48295e+03 1.33640e+03 1.62200e+03
 1.61395e+03 1.60600e+03 1.61150e+03]"
18,"(0.1, 0.1, 0.9, 1500)",0.1,0.1,0.9,1500,"[6.00000e-01 1.20000e+00 4.92000e+00 7.93000e+00 1.14600e+01 3.89600e+01
 9.56400e+01 6.36030e+02 1.56422e+03 1.63753e+03 1.59031e+03 1.94107e+03
 2.00000e+03 1.92119e+03 2.00000e+03]","[4.00000e-01 7.50000e-01 3.45000e+00 5.75000e+00 8.05000e+00 2.56500e+01
 6.19500e+01 6.42950e+02 1.61925e+03 1.62870e+03 1.64260e+03 2.00000e+03
 2.00000e+03 2.00000e+03 2.00000e+03]"
19,"(0.1, 0.1, 0.9, 2000)",0.1,0.1,0.9,2000,"[4.10000e-01 1.37000e+00 3.75000e+00 6.17000e+00 9.71000e+00 3.84500e+01
 9.30100e+01 6.95980e+02 1.20457e+03 1.34492e+03 1.70622e+03 1.73107e+03
 1.85044e+03 2.00000e+03 2.00000e+03]","[1.50000e-01 1.05000e+00 2.55000e+00 4.80000e+00 6.90000e+00 3.40000e+01
 7.73000e+01 6.62600e+02 1.24830e+03 1.35375e+03 1.80830e+03 1.72110e+03
 1.83785e+03 2.00000e+03 2.00000e+03]"
20,"(0.1, 0.1, 0.9, 2500)",0.1,0.1,0.9,2500,"[3.60000e-01 9.60000e-01 2.33000e+00 2.36000e+00 4.39000e+00 1.73900e+01
 4.21260e+02 2.97480e+02 1.57078e+03 1.70216e+03 1.45315e+03 1.60189e+03
 1.71502e+03 1.52000e+03 1.95217e+03]","[2.50000e-01 6.50000e-01 1.40000e+00 1.40000e+00 2.45000e+00 1.06500e+01
 4.16500e+02 2.86250e+02 1.63720e+03 1.69565e+03 1.46635e+03 1.61140e+03
 1.69685e+03 1.48580e+03 2.00000e+03]"
21,"(0.1, 0.1, 1, 1500)",0.1,0.1,1.0,1500,"[7.90000e-01 1.70000e+00 4.55000e+00 6.48000e+00 9.64000e+00 1.29420e+02
 2.73530e+02 4.66850e+02 7.99260e+02 1.09500e+03 1.49396e+03 1.44715e+03
 1.49826e+03 1.44357e+03 1.44083e+03]","[6.00000e-01 1.05000e+00 3.20000e+00 4.10000e+00 7.20000e+00 4.01500e+01
 2.51600e+02 4.43700e+02 7.72000e+02 1.07110e+03 1.47500e+03 1.44520e+03
 1.46995e+03 1.43670e+03 1.45620e+03]"
22,"(0.1, 0.1, 1, 2000)",0.1,0.1,1.0,2000,"[6.60000e-01 1.54000e+00 7.11000e+00 6.70000e+00 1.09400e+01 3.13500e+01
 1.87400e+02 4.91080e+02 7.93780e+02 1.29806e+03 9.54410e+02 1.18232e+03
 1.80261e+03 1.67334e+03 1.71102e+03]","[3.50000e-01 9.50000e-01 5.05000e+00 4.05000e+00 6.15000e+00 2.27500e+01
 1.92650e+02 4.93450e+02 7.81650e+02 1.27655e+03 9.27900e+02 1.10370e+03
 1.82680e+03 1.67270e+03 1.68255e+03]"
23,"(0.1, 0.1, 1, 2500)",0.1,0.1,1.0,2500,"[4.90000e-01 2.13000e+00 5.26000e+00 1.19900e+01 1.61300e+01 2.01150e+02
 4.72930e+02 5.55540e+02 7.83850e+02 1.23341e+03 1.42760e+03 1.64546e+03
 1.35568e+03 1.69422e+03 1.65874e+03]","[3.50000e-01 1.35000e+00 3.40000e+00 8.70000e+00 1.06500e+01 2.26250e+02
 4.56200e+02 5.03800e+02 8.51200e+02 1.24790e+03 1.43555e+03 1.65240e+03
 1.33485e+03 1.66290e+03 1.63870e+03]"
24,"(0.2, 0.05, 0.9, 1500)",0.2,0.05,0.9,1500,"[5.40000e-01 1.92000e+00 5.82000e+00 6.69000e+00 1.79800e+01 1.99770e+02
 6.95740e+02 1.30373e+03 1.62703e+03 1.44304e+03 1.75006e+03 1.60497e+03
 1.74315e+03 1.72398e+03 1.63127e+03]","[2.00000e-01 1.40000e+00 3.50000e+00 4.65000e+00 1.32000e+01 1.54500e+02
 7.17950e+02 1.27955e+03 1.64805e+03 1.44470e+03 1.74820e+03 1.59735e+03
 1.79550e+03 1.75135e+03 1.62665e+03]"
25,"(0.2, 0.05, 0.9, 2000)",0.2,0.05,0.9,2000,"[5.40000e-01 2.18000e+00 5.32000e+00 1.33800e+01 2.16420e+02 7.49430e+02
 1.24866e+03 1.48946e+03 1.88165e+03 2.00000e+03 1.54670e+03 1.85017e+03
 2.00000e+03 2.00000e+03 2.00000e+03]","[2.50000e-01 1.05000e+00 4.30000e+00 9.85000e+00 2.11850e+02 7.38800e+02
 1.23995e+03 1.46545e+03 1.88215e+03 2.00000e+03 1.60005e+03 1.84205e+03
 2.00000e+03 2.00000e+03 2.00000e+03]"
26,"(0.2, 0.05, 0.9, 2500)",0.2,0.05,0.9,2500,"[4.70000e-01 1.95000e+00 3.46000e+00 9.47000e+00 2.55800e+01 4.87340e+02
 1.02147e+03 1.15569e+03 1.83974e+03 1.60868e+03 1.92471e+03 1.44054e+03
 1.47123e+03 1.81183e+03 2.00000e+03]","[3.00000e-01 1.50000e+00 2.30000e+00 7.20000e+00 1.77000e+01 4.66150e+02
 9.80700e+02 1.16270e+03 1.84185e+03 1.62890e+03 2.00000e+03 1.42140e+03
 1.55620e+03 1.82295e+03 2.00000e+03]"
27,"(0.2, 0.05, 1, 1500)",0.2,0.05,1.0,1500,"[9.50000e-01 3.80000e+00 4.57000e+00 1.07200e+01 1.52200e+01 4.22720e+02
 1.10052e+03 1.66003e+03 1.70252e+03 1.80700e+03 2.00000e+03 2.00000e+03
 2.00000e+03 2.00000e+03 2.00000e+03]","[6.00000e-01 3.20000e+00 3.10000e+00 6.95000e+00 1.09500e+01 4.63400e+02
 1.10725e+03 1.64040e+03 1.66790e+03 1.80360e+03 2.00000e+03 2.00000e+03
 2.00000e+03 2.00000e+03 2.00000e+03]"
28,"(0.2, 0.05, 1, 2000)",0.2,0.05,1.0,2000,"[3.90000e-01 2.20000e+00 6.51000e+00 1.61500e+01 4.17700e+01 6.94800e+01
 8.67210e+02 1.18684e+03 1.55123e+03 1.54422e+03 1.49535e+03 1.35279e+03
 1.00574e+03 1.34535e+03 1.36264e+03]","[1.00000e-01 1.75000e+00 4.30000e+00 1.03500e+01 2.63000e+01 5.43500e+01
 8.68700e+02 1.16620e+03 1.57385e+03 1.51475e+03 1.46535e+03 1.31375e+03
 9.71400e+02 1.31665e+03 1.33805e+03]"
29,"(0.2, 0.05, 1, 2500)",0.2,0.05,1.0,2500,"[1.02000e+00 3.05000e+00 7.82000e+00 1.31600e+01 2.05600e+01 3.20960e+02
 7.81660e+02 1.78230e+03 1.37467e+03 1.45094e+03 1.19530e+03 1.63146e+03
 1.65656e+03 1.42543e+03 1.28578e+03]","[8.00000e-01 2.45000e+00 5.05000e+00 1.05500e+01 1.48500e+01 2.75650e+02
 7.76000e+02 1.81435e+03 1.40940e+03 1.43090e+03 1.26845e+03 1.61105e+03
 1.61195e+03 1.44250e+03 1.23085e+03]"
30,"(0.2, 0.1, 0.9, 1500)",0.2,0.1,0.9,1500,"[7.00000e-01 1.02000e+00 5.40000e+00 8.52000e+00 9.01000e+00 3.85400e+01
 6.39160e+02 1.03502e+03 1.06805e+03 1.03371e+03 1.47110e+03 1.63983e+03
 1.68370e+03 1.67973e+03 1.82863e+03]","[3.50000e-01 7.50000e-01 3.85000e+00 5.05000e+00 6.15000e+00 3.44000e+01
 6.33400e+02 1.03350e+03 1.00645e+03 1.03970e+03 1.44730e+03 1.65915e+03
 1.67195e+03 1.66675e+03 1.82650e+03]"
31,"(0.2, 0.1, 0.9, 2000)",0.2,0.1,0.9,2000,"[2.60000e-01 1.92000e+00 3.90000e+00 1.47910e+02 1.70680e+02 2.35010e+02
 8.61960e+02 9.28660e+02 9.23990e+02 1.31150e+03 1.79751e+03 1.81837e+03
 1.95840e+03 1.98016e+03 1.98011e+03]","[5.00000e-02 1.45000e+00 2.45000e+00 2.05650e+02 2.07850e+02 2.26950e+02
 8.51300e+02 8.93250e+02 8.93950e+02 1.32480e+03 1.81595e+03 1.81985e+03
 2.00000e+03 2.00000e+03 2.00000e+03]"
32,"(0.2, 0.1, 0.9, 2500)",0.2,0.1,0.9,2500,"[5.10000e-01 2.34000e+00 6.23000e+00 1.06100e+01 1.30600e+01 8.67400e+01
 5.56530e+02 1.24184e+03 1.64382e+03 1.62483e+03 1.75017e+03 1.62022e+03
 1.83931e+03 1.44978e+03 1.82150e+03]","[3.50000e-01 1.90000e+00 4.45000e+00 8.15000e+00 8.90000e+00 4.97500e+01
 6.00000e+02 1.27035e+03 1.63390e+03 1.73330e+03 1.81220e+03 1.63685e+03
 1.87500e+03 1.44600e+03 1.81610e+03]"
33,"(0.2, 0.1, 1, 1500)",0.2,0.1,1.0,1500,"[1.37000e+00 2.70000e+00 2.83400e+01 1.63000e+01 1.95100e+01 1.04480e+02
 6.24330e+02 1.34269e+03 1.43124e+03 1.56950e+03 1.72967e+03 1.75772e+03
 1.72168e+03 1.72559e+03 1.73685e+03]","[7.50000e-01 2.40000e+00 2.02500e+01 1.17000e+01 1.58500e+01 7.77000e+01
 6.05700e+02 1.33975e+03 1.45450e+03 1.58140e+03 1.70710e+03 1.79255e+03
 1.70205e+03 1.73650e+03 1.79190e+03]"
34,"(0.2, 0.1, 1, 2000)",0.2,0.1,1.0,2000,"[5.60000e-01 9.90000e-01 3.45000e+00 6.20000e+00 1.48000e+01 6.23800e+01
 6.78220e+02 1.20857e+03 1.20343e+03 1.80512e+03 1.80193e+03 1.98023e+03
 1.83697e+03 1.89543e+03 1.85866e+03]","[3.50000e-01 7.00000e-01 2.55000e+00 4.75000e+00 1.12500e+01 5.10000e+01
 6.61500e+02 1.23300e+03 1.16490e+03 1.80385e+03 1.80105e+03 2.00000e+03
 1.82180e+03 1.88605e+03 1.83530e+03]"
35,"(0.2, 0.1, 1, 2500)",0.2,0.1,1.0,2500,"[5.70000e-01 1.49000e+00 4.09000e+00 5.84000e+00 1.79100e+01 8.75200e+01
 3.70050e+02 1.65552e+03 1.66508e+03 1.72148e+03 1.61894e+03 1.45441e+03
 1.43849e+03 1.81236e+03 1.83055e+03]","[2.00000e-01 1.05000e+00 2.55000e+00 3.95000e+00 1.36500e+01 5.83000e+01
 3.27200e+02 1.65860e+03 1.66400e+03 1.74790e+03 1.61675e+03 1.43120e+03
 1.43470e+03 1.80935e+03 1.81810e+03]"
