,combinations,alpha,epsilon,gamma,i_max,mean_score,median_score
0,"(0.05, 0.05, 0.9, 1500)",0.05,0.05,0.9,1500,"[4.5000e-01 1.3100e+00 2.6200e+00 2.0300e+00 5.8600e+00 6.8700e+00
 8.1600e+00 2.2740e+01 2.6190e+01 7.3030e+02 1.3687e+02 2.8510e+02
 1.5184e+02 5.1663e+02 1.5228e+02]","[2.5000e-01 1.0500e+00 1.9500e+00 1.3500e+00 4.6000e+00 4.7500e+00
 5.7500e+00 1.7500e+01 2.0050e+01 6.8460e+02 9.3150e+01 2.7135e+02
 1.2730e+02 4.9475e+02 1.4680e+02]"
1,"(0.05, 0.05, 0.9, 2000)",0.05,0.05,0.9,2000,"[3.70000e-01 1.14000e+00 1.71000e+00 2.62000e+00 8.05000e+00 1.69500e+01
 2.46900e+01 4.23200e+01 1.54400e+01 2.39540e+02 7.60710e+02 1.64740e+02
 1.20122e+03 1.06176e+03 1.24358e+03]","[2.50000e-01 8.50000e-01 1.40000e+00 2.10000e+00 4.45000e+00 1.37500e+01
 1.84000e+01 3.44500e+01 1.20000e+01 2.31100e+02 8.03850e+02 1.38200e+02
 1.17705e+03 1.04245e+03 1.22675e+03]"
2,"(0.05, 0.05, 0.9, 2500)",0.05,0.05,0.9,2500,"[8.3000e-01 9.9000e-01 3.7300e+00 2.8100e+00 5.4600e+00 9.1600e+00
 8.9120e+01 2.6253e+02 1.2550e+02 3.0630e+02 2.0877e+02 5.3240e+02
 3.3163e+02 7.1259e+02 9.4712e+02]","[4.5000e-01 8.0000e-01 2.9000e+00 2.3000e+00 3.7000e+00 7.2500e+00
 4.3950e+01 2.3505e+02 1.1190e+02 3.4510e+02 1.6200e+02 5.2645e+02
 2.8970e+02 6.4520e+02 9.1655e+02]"
3,"(0.05, 0.05, 1, 1500)",0.05,0.05,1.0,1500,"[4.60000e-01 1.50000e+00 2.98000e+00 3.53000e+00 7.09000e+00 1.70900e+01
 3.39920e+02 4.72100e+02 4.59090e+02 8.24720e+02 1.06510e+03 9.88170e+02
 9.95000e+02 1.15204e+03 9.76780e+02]","[2.50000e-01 1.25000e+00 1.85000e+00 2.25000e+00 4.45000e+00 1.34000e+01
 3.35850e+02 4.34800e+02 4.31750e+02 7.70250e+02 1.08050e+03 9.69350e+02
 1.05110e+03 1.12515e+03 9.79350e+02]"
4,"(0.05, 0.05, 1, 2000)",0.05,0.05,1.0,2000,"[4.80000e-01 1.81000e+00 2.53000e+00 3.14000e+00 4.11000e+00 2.05200e+01
 4.23200e+01 4.33040e+02 2.79390e+02 4.47430e+02 1.26822e+03 1.37585e+03
 1.48326e+03 1.47085e+03 1.45672e+03]","[5.00000e-02 1.10000e+00 1.70000e+00 2.25000e+00 3.10000e+00 1.46000e+01
 2.56000e+01 4.22300e+02 2.47200e+02 4.40200e+02 1.28140e+03 1.33755e+03
 1.47915e+03 1.48665e+03 1.48590e+03]"
5,"(0.05, 0.05, 1, 2500)",0.05,0.05,1.0,2500,"[8.50000e-01 1.07000e+00 3.21000e+00 4.77000e+00 6.18000e+00 1.49700e+01
 2.50000e+01 3.03330e+02 9.01170e+02 8.49130e+02 1.54206e+03 1.63536e+03
 1.79953e+03 1.80095e+03 1.74477e+03]","[4.50000e-01 7.50000e-01 2.40000e+00 3.75000e+00 4.05000e+00 9.30000e+00
 1.88500e+01 2.60450e+02 8.76550e+02 7.94450e+02 1.50055e+03 1.66255e+03
 1.86005e+03 1.77435e+03 1.71870e+03]"
6,"(0.05, 0.1, 0.9, 1500)",0.05,0.1,0.9,1500,"[ 1.08  1.64  2.09  3.71  5.34  7.34  7.83  7.2   5.25 22.56 28.88 66.72
 68.89 22.5  27.75]","[ 0.8   1.25  1.7   2.3   3.45  5.75  4.95  6.6   3.6  16.15 23.35 40.85
 52.45 18.25 24.25]"
7,"(0.05, 0.1, 0.9, 2000)",0.05,0.1,0.9,2000,"[  0.52   0.92   1.85   3.3    1.51 148.83   7.07  18.63   7.55  19.54
  18.23  39.22  63.75 148.92 107.26]","[1.500e-01 4.500e-01 1.350e+00 2.850e+00 9.000e-01 1.902e+02 4.500e+00
 1.325e+01 5.800e+00 1.090e+01 1.415e+01 2.715e+01 5.080e+01 1.419e+02
 1.031e+02]"
8,"(0.05, 0.1, 0.9, 2500)",0.05,0.1,0.9,2500,"[3.9000e-01 7.2000e-01 3.6900e+00 4.6400e+00 3.7800e+00 8.2800e+00
 1.6000e+01 1.3390e+01 5.1600e+01 8.7680e+01 3.8420e+01 2.1323e+02
 1.6421e+02 3.3487e+02 5.3194e+02]","[1.5000e-01 3.5000e-01 2.6000e+00 3.7000e+00 2.7000e+00 5.5000e+00
 1.0000e+01 1.2150e+01 2.3750e+01 6.8750e+01 2.9300e+01 2.0885e+02
 1.4505e+02 3.2090e+02 5.0470e+02]"
9,"(0.05, 0.1, 1, 1500)",0.05,0.1,1.0,1500,"[  0.61   1.23   2.23   2.44   9.48  10.04  11.59 102.07 246.26 217.37
  36.05  39.07  76.16  54.61  51.12]","[  0.35   0.85   1.7    1.85   8.05   7.35   8.7   89.6  243.2  212.05
  27.85  28.3   57.4   42.1   15.45]"
10,"(0.05, 0.1, 1, 2000)",0.05,0.1,1.0,2000,"[  0.74   1.08   2.04   3.34   2.29  10.61  13.75  17.07  90.84 322.98
 244.91 220.13  25.33  42.06  37.38]","[  0.55   0.75   1.3    2.2    1.4    8.25  11.25  12.9   66.9  387.8
 243.45 215.5   19.35  27.    31.  ]"
11,"(0.05, 0.1, 1, 2500)",0.05,0.1,1.0,2500,"[3.9000e-01 1.5200e+00 2.5200e+00 2.9400e+00 3.9700e+00 6.7400e+00
 1.8450e+01 2.8660e+01 1.5972e+02 1.7485e+02 1.1730e+01 2.5310e+01
 1.1919e+02 4.3683e+02 7.1390e+01]","[2.5000e-01 1.2000e+00 1.9500e+00 2.1000e+00 2.4500e+00 5.0000e+00
 1.4450e+01 2.3150e+01 2.1500e+02 1.8085e+02 7.5000e+00 1.9150e+01
 1.2190e+02 4.2795e+02 5.6600e+01]"
12,"(0.1, 0.05, 0.9, 1500)",0.1,0.05,0.9,1500,"[8.10000e-01 1.67000e+00 3.02000e+00 5.51000e+00 3.15000e+00 3.03800e+01
 9.86000e+00 3.52720e+02 4.74540e+02 3.69830e+02 1.19598e+03 7.81570e+02
 8.41930e+02 1.02276e+03 7.91160e+02]","[7.00000e-01 1.20000e+00 2.20000e+00 3.90000e+00 1.75000e+00 2.64000e+01
 7.35000e+00 3.00450e+02 4.47400e+02 3.98200e+02 1.23660e+03 7.79250e+02
 8.04000e+02 1.05515e+03 7.84950e+02]"
13,"(0.1, 0.05, 0.9, 2000)",0.1,0.05,0.9,2000,"[8.60000e-01 1.46000e+00 1.09000e+00 3.11000e+00 4.33000e+00 9.55000e+00
 3.61700e+01 1.03790e+02 4.25990e+02 8.51170e+02 8.30290e+02 7.53220e+02
 1.41865e+03 1.23665e+03 1.47244e+03]","[5.00000e-01 1.15000e+00 5.50000e-01 2.20000e+00 3.05000e+00 7.10000e+00
 2.90500e+01 9.75500e+01 3.71100e+02 8.53700e+02 7.75900e+02 7.21150e+02
 1.42590e+03 1.18795e+03 1.38830e+03]"
14,"(0.1, 0.05, 0.9, 2500)",0.1,0.05,0.9,2500,"[1.14000e+00 2.53000e+00 3.47000e+00 4.49000e+00 5.17000e+00 1.63700e+01
 3.28300e+01 4.77400e+01 5.47720e+02 6.13530e+02 3.11780e+02 1.11489e+03
 1.15315e+03 1.40867e+03 1.63684e+03]","[9.50000e-01 2.15000e+00 2.75000e+00 3.05000e+00 3.65000e+00 1.30000e+01
 2.36000e+01 3.15000e+01 5.50100e+02 6.48250e+02 2.49400e+02 1.04190e+03
 1.10235e+03 1.37330e+03 1.66795e+03]"
15,"(0.1, 0.05, 1, 1500)",0.1,0.05,1.0,1500,"[7.90000e-01 1.63000e+00 2.57000e+00 3.69000e+00 4.84000e+00 3.07100e+01
 6.12600e+01 4.44440e+02 1.42990e+03 1.62551e+03 1.40599e+03 1.62568e+03
 1.80474e+03 1.78987e+03 1.78324e+03]","[5.00000e-01 1.20000e+00 1.90000e+00 2.55000e+00 3.40000e+00 2.23500e+01
 5.15000e+01 4.47750e+02 1.43180e+03 1.60815e+03 1.44670e+03 1.61845e+03
 1.81670e+03 1.81975e+03 1.81660e+03]"
16,"(0.1, 0.05, 1, 2000)",0.1,0.05,1.0,2000,"[8.10000e-01 1.33000e+00 2.86000e+00 5.30000e+00 6.57000e+00 2.31420e+02
 1.30690e+02 6.43840e+02 1.33556e+03 1.25567e+03 1.10836e+03 1.18271e+03
 1.52513e+03 1.41698e+03 1.46487e+03]","[6.50000e-01 1.00000e+00 2.35000e+00 4.05000e+00 4.45000e+00 2.18800e+02
 1.17950e+02 6.02800e+02 1.26815e+03 1.26815e+03 1.14765e+03 1.13935e+03
 1.50365e+03 1.35780e+03 1.42110e+03]"
17,"(0.1, 0.05, 1, 2500)",0.1,0.05,1.0,2500,"[6.10000e-01 1.77000e+00 2.32000e+00 5.19000e+00 7.79000e+00 1.74750e+02
 2.07880e+02 5.16050e+02 1.62720e+03 1.56326e+03 1.88446e+03 1.83361e+03
 1.70349e+03 1.53065e+03 1.52515e+03]","[2.00000e-01 1.25000e+00 1.75000e+00 3.70000e+00 5.25000e+00 9.55000e+01
 1.85150e+02 5.60750e+02 1.62235e+03 1.57680e+03 1.90200e+03 1.81625e+03
 1.66150e+03 1.52330e+03 1.50395e+03]"
18,"(0.1, 0.1, 0.9, 1500)",0.1,0.1,0.9,1500,"[6.9000e-01 7.5000e-01 2.0800e+00 2.3100e+00 4.3600e+00 7.7400e+00
 4.3800e+00 1.1250e+01 2.3661e+02 9.5940e+01 8.3342e+02 7.6391e+02
 9.3431e+02 7.2691e+02 8.7085e+02]","[5.5000e-01 5.0000e-01 1.7000e+00 1.5000e+00 3.0500e+00 5.6000e+00
 2.9500e+00 6.8500e+00 2.2685e+02 6.3150e+01 8.5640e+02 7.2735e+02
 8.9130e+02 7.0125e+02 8.8735e+02]"
19,"(0.1, 0.1, 0.9, 2000)",0.1,0.1,0.9,2000,"[4.7000e-01 1.0400e+00 2.2100e+00 3.7300e+00 3.5300e+00 1.5240e+01
 6.6600e+00 1.1170e+01 4.3270e+01 3.2922e+02 5.8325e+02 7.4656e+02
 8.8110e+02 9.1871e+02 8.8698e+02]","[3.0000e-01 7.5000e-01 1.3000e+00 3.0500e+00 2.4000e+00 1.4800e+01
 4.8000e+00 1.0150e+01 2.8500e+01 3.0260e+02 5.5380e+02 6.8230e+02
 8.8955e+02 8.6300e+02 8.5780e+02]"
20,"(0.1, 0.1, 0.9, 2500)",0.1,0.1,0.9,2500,"[4.90000e-01 1.35000e+00 2.90000e+00 5.47000e+00 3.96000e+00 4.76000e+00
 1.10700e+01 1.63000e+01 3.53600e+01 2.38310e+02 4.75280e+02 9.70700e+02
 9.55870e+02 6.55660e+02 1.00944e+03]","[2.5000e-01 8.5000e-01 2.2500e+00 3.7000e+00 2.9500e+00 3.0000e+00
 6.9000e+00 1.3250e+01 2.6350e+01 2.2885e+02 4.6115e+02 9.9270e+02
 9.0850e+02 5.9960e+02 8.4080e+02]"
21,"(0.1, 0.1, 1, 1500)",0.1,0.1,1.0,1500,"[  0.6    1.44   2.18   5.28   4.49   9.33  22.25  24.74  59.27  47.88
  70.32 301.37  43.02 266.16 259.01]","[2.0000e-01 1.2000e+00 1.6500e+00 4.8500e+00 3.5500e+00 6.8500e+00
 1.6650e+01 1.5600e+01 4.6000e+01 3.3700e+01 6.7200e+01 2.7975e+02
 2.7100e+01 2.6050e+02 2.4150e+02]"
22,"(0.1, 0.1, 1, 2000)",0.1,0.1,1.0,2000,"[  0.81   1.93   3.     3.6   13.76  11.1    8.33  22.76  26.79  58.24
  68.38 223.39  19.72 505.68 356.12]","[  0.6    1.3    2.4    2.6   10.95   8.7    5.45  17.15  19.85  29.4
  48.75 219.85  12.55 464.6  324.15]"
23,"(0.1, 0.1, 1, 2500)",0.1,0.1,1.0,2500,"[5.0000e-01 8.8000e-01 1.8800e+00 3.4100e+00 4.0000e+00 1.7610e+01
 2.6380e+01 2.5510e+01 1.0125e+02 2.6840e+01 2.9270e+01 4.2329e+02
 5.7893e+02 1.1436e+02 8.7623e+02]","[2.500e-01 5.000e-01 1.350e+00 2.700e+00 2.350e+00 1.235e+01 1.665e+01
 2.095e+01 5.165e+01 1.955e+01 2.490e+01 4.196e+02 5.474e+02 8.580e+01
 8.834e+02]"
24,"(0.2, 0.05, 0.9, 1500)",0.2,0.05,0.9,1500,"[5.20000e-01 1.64000e+00 2.58000e+00 2.49000e+01 7.92000e+00 2.25200e+01
 1.42300e+01 2.51860e+02 1.33892e+03 1.68989e+03 1.13596e+03 1.65920e+03
 1.54114e+03 1.54658e+03 1.49964e+03]","[4.00000e-01 1.05000e+00 1.85000e+00 2.19000e+01 6.30000e+00 1.89500e+01
 9.70000e+00 2.83850e+02 1.29710e+03 1.67565e+03 1.14925e+03 1.65790e+03
 1.50370e+03 1.50525e+03 1.49320e+03]"
25,"(0.2, 0.05, 0.9, 2000)",0.2,0.05,0.9,2000,"[9.20000e-01 2.69000e+00 3.46000e+00 4.91000e+00 1.84100e+01 2.08100e+01
 4.47300e+01 8.30800e+02 8.74600e+02 1.29255e+03 1.52685e+03 1.60466e+03
 1.85041e+03 1.69409e+03 1.73996e+03]","[6.50000e-01 1.85000e+00 2.75000e+00 3.75000e+00 1.29500e+01 1.27500e+01
 3.67000e+01 8.37500e+02 8.79850e+02 1.25685e+03 1.50310e+03 1.57755e+03
 1.82950e+03 1.66935e+03 1.74150e+03]"
26,"(0.2, 0.05, 0.9, 2500)",0.2,0.05,0.9,2500,"[6.40000e-01 1.45000e+00 3.40000e+00 8.13000e+00 5.95000e+00 8.30000e+00
 2.81490e+02 6.30160e+02 1.04711e+03 1.71326e+03 1.77598e+03 1.36990e+03
 1.66873e+03 1.80699e+03 2.00000e+03]","[4.50000e-01 1.10000e+00 2.25000e+00 5.10000e+00 4.55000e+00 7.00000e+00
 2.59400e+02 6.27700e+02 1.05525e+03 1.67660e+03 1.79550e+03 1.33640e+03
 1.63620e+03 1.80415e+03 2.00000e+03]"
27,"(0.2, 0.05, 1, 1500)",0.2,0.05,1.0,1500,"[6.20000e-01 1.77000e+00 2.54000e+00 3.74000e+00 7.63000e+00 3.90300e+01
 4.79320e+02 8.69800e+02 1.33592e+03 1.40378e+03 1.43594e+03 2.00000e+03
 2.00000e+03 1.80251e+03 2.00000e+03]","[3.00000e-01 1.35000e+00 1.95000e+00 2.55000e+00 5.50000e+00 3.23500e+01
 5.73400e+02 9.10100e+02 1.34490e+03 1.37140e+03 1.41865e+03 2.00000e+03
 2.00000e+03 1.80110e+03 2.00000e+03]"
28,"(0.2, 0.05, 1, 2000)",0.2,0.05,1.0,2000,"[1.12000e+00 2.41000e+00 2.64000e+00 7.98000e+00 1.14800e+01 8.16000e+01
 2.10470e+02 6.18760e+02 1.24839e+03 1.78757e+03 1.83743e+03 1.55015e+03
 1.01952e+03 1.51641e+03 1.47363e+03]","[8.00000e-01 1.50000e+00 1.85000e+00 5.70000e+00 8.80000e+00 5.68000e+01
 1.37650e+02 5.87650e+02 1.26885e+03 1.81415e+03 1.82625e+03 1.52750e+03
 9.89400e+02 1.47790e+03 1.44215e+03]"
29,"(0.2, 0.05, 1, 2500)",0.2,0.05,1.0,2500,"[1.01000e+00 1.45000e+00 2.57000e+00 4.28000e+00 5.51000e+00 3.43900e+01
 6.79720e+02 5.99470e+02 8.91320e+02 9.29960e+02 1.35608e+03 1.47246e+03
 1.80746e+03 1.63633e+03 1.95066e+03]","[7.50000e-01 9.00000e-01 2.00000e+00 3.60000e+00 3.45000e+00 2.37000e+01
 6.58950e+02 5.58650e+02 8.73400e+02 9.01150e+02 1.34455e+03 1.46490e+03
 1.80360e+03 1.63085e+03 1.98760e+03]"
30,"(0.2, 0.1, 0.9, 1500)",0.2,0.1,0.9,1500,"[7.70000e-01 1.92000e+00 2.42000e+00 4.31000e+00 7.01000e+00 6.32000e+00
 1.98700e+01 4.30690e+02 5.90890e+02 9.24680e+02 1.54368e+03 1.34205e+03
 1.20559e+03 1.15816e+03 1.31485e+03]","[5.00000e-01 1.35000e+00 1.65000e+00 3.00000e+00 5.40000e+00 3.75000e+00
 1.37500e+01 4.19350e+02 6.07650e+02 9.19900e+02 1.55940e+03 1.31470e+03
 1.15030e+03 1.13320e+03 1.26845e+03]"
31,"(0.2, 0.1, 0.9, 2000)",0.2,0.1,0.9,2000,"[3.90000e-01 1.92000e+00 1.86000e+00 4.01000e+00 5.72000e+00 5.99000e+00
 1.97900e+01 4.41800e+01 8.94150e+02 1.27345e+03 1.30886e+03 1.55875e+03
 1.39116e+03 1.93140e+03 2.00000e+03]","[1.50000e-01 1.05000e+00 1.35000e+00 3.00000e+00 4.30000e+00 4.30000e+00
 1.45000e+01 2.87000e+01 8.76150e+02 1.26575e+03 1.27885e+03 1.50015e+03
 1.42365e+03 1.95990e+03 2.00000e+03]"
32,"(0.2, 0.1, 0.9, 2500)",0.2,0.1,0.9,2500,"[4.90000e-01 1.55000e+00 2.86000e+00 4.63000e+00 8.88000e+00 6.06000e+00
 9.73000e+00 2.13390e+02 2.96400e+02 3.40210e+02 1.02108e+03 1.31734e+03
 1.50736e+03 1.85447e+03 1.75795e+03]","[1.00000e-01 1.50000e+00 2.15000e+00 2.90000e+00 6.70000e+00 3.90000e+00
 7.15000e+00 2.25900e+02 2.85600e+02 3.00150e+02 9.52250e+02 1.30010e+03
 1.47530e+03 1.85945e+03 1.77780e+03]"
33,"(0.2, 0.1, 1, 1500)",0.2,0.1,1.0,1500,"[7.3000e-01 3.2500e+00 4.2800e+00 2.9700e+00 1.2020e+01 8.7700e+00
 1.2770e+01 3.3630e+01 3.8390e+01 2.2800e+02 2.2940e+02 9.4024e+02
 7.1544e+02 9.4919e+02 2.8967e+02]","[5.0000e-01 2.3500e+00 3.3500e+00 2.2000e+00 9.6000e+00 6.2500e+00
 8.1500e+00 1.9900e+01 2.5400e+01 2.1965e+02 2.2300e+02 8.9960e+02
 6.9380e+02 9.2465e+02 2.6450e+02]"
34,"(0.2, 0.1, 1, 2000)",0.2,0.1,1.0,2000,"[4.50000e-01 2.18000e+00 3.87000e+00 4.74000e+00 6.58000e+00 4.22800e+01
 1.03200e+01 3.44700e+01 1.42260e+02 4.06250e+02 4.39930e+02 1.11690e+02
 8.00310e+02 1.03715e+03 1.15676e+03]","[2.5000e-01 1.3000e+00 2.4000e+00 3.2000e+00 4.6000e+00 3.4250e+01
 7.6500e+00 2.1700e+01 1.2855e+02 4.1695e+02 4.1965e+02 7.4650e+01
 8.0035e+02 9.6310e+02 1.1381e+03]"
35,"(0.2, 0.1, 1, 2500)",0.2,0.1,1.0,2500,"[6.4000e-01 1.7500e+00 3.1700e+00 4.4000e+00 6.9300e+00 1.2230e+01
 7.2630e+01 9.4520e+01 1.6854e+02 6.3310e+01 7.7416e+02 2.6668e+02
 2.0357e+02 7.1456e+02 1.0331e+03]","[2.5000e-01 1.5500e+00 2.4500e+00 2.6000e+00 5.0500e+00 7.2000e+00
 5.0800e+01 5.9450e+01 2.1855e+02 4.6400e+01 8.1695e+02 2.3930e+02
 2.2195e+02 6.7345e+02 1.0425e+03]"
