,combinations,alpha,epsilon,gamma,i_max,mean_score,median_score
0,"(0.2, 0.01, 0.8, 1500)",0.2,0.01,0.8,1500,"[4.60000e-01 2.31000e+00 3.29000e+00 7.19000e+00 8.61000e+00 2.29600e+02
 1.13684e+03 1.15880e+03 1.61774e+03 1.67541e+03 1.74059e+03 1.83104e+03
 1.83652e+03 1.80467e+03 1.80279e+03]","[2.00000e-01 1.40000e+00 2.25000e+00 4.30000e+00 6.05000e+00 2.20900e+02
 1.24355e+03 1.11410e+03 1.66660e+03 1.66005e+03 1.80030e+03 1.82895e+03
 1.82535e+03 1.83390e+03 1.80845e+03]"
1,"(0.2, 0.01, 0.8, 2000)",0.2,0.01,0.8,2000,"[8.10000e-01 2.37000e+00 2.76000e+00 4.94000e+00 4.39000e+00 3.06800e+01
 7.93770e+02 1.19454e+03 1.36222e+03 1.26135e+03 1.44703e+03 1.56980e+03
 1.58094e+03 1.83495e+03 1.81661e+03]","[7.50000e-01 1.80000e+00 1.70000e+00 4.25000e+00 3.45000e+00 2.56500e+01
 7.41250e+02 1.20440e+03 1.34050e+03 1.24890e+03 1.43250e+03 1.51955e+03
 1.56355e+03 1.82935e+03 1.83920e+03]"
2,"(0.2, 0.01, 0.9, 1500)",0.2,0.01,0.9,1500,"[5.00000e-01 2.16000e+00 5.69000e+00 1.22100e+01 5.73900e+01 1.04861e+03
 9.28490e+02 1.13543e+03 1.17874e+03 1.50290e+03 1.82262e+03 1.95056e+03
 1.98324e+03 1.94967e+03 1.95755e+03]","[3.50000e-01 1.70000e+00 3.05000e+00 9.00000e+00 2.75500e+01 1.10745e+03
 9.07450e+02 1.09100e+03 1.13880e+03 1.49665e+03 1.82225e+03 1.99340e+03
 2.00000e+03 2.00000e+03 2.00000e+03]"
3,"(0.2, 0.01, 0.9, 2000)",0.2,0.01,0.9,2000,"[7.90000e-01 2.18000e+00 5.30000e+00 1.00300e+01 1.91990e+02 1.42340e+02
 5.53190e+02 1.60941e+03 1.90184e+03 1.64842e+03 1.72412e+03 1.62696e+03
 1.22919e+03 1.67229e+03 1.67244e+03]","[4.50000e-01 1.85000e+00 4.10000e+00 7.35000e+00 2.09050e+02 1.23650e+02
 5.35850e+02 1.62280e+03 1.88070e+03 1.63205e+03 1.71235e+03 1.63570e+03
 1.21715e+03 1.66100e+03 1.63525e+03]"
4,"(0.2, 0.01, 1, 1500)",0.2,0.01,1.0,1500,"[9.0000e-01 3.1200e+00 4.7700e+00 7.9300e+00 2.6450e+01 2.2595e+02
 7.0971e+02 7.8638e+02 8.1911e+02 5.2699e+02 9.2135e+02 5.7182e+02
 5.8561e+02 6.1257e+02 6.1818e+02]","[5.5000e-01 2.3000e+00 3.6500e+00 5.1500e+00 2.1200e+01 2.0310e+02
 6.9520e+02 7.7100e+02 8.3120e+02 5.0760e+02 8.9815e+02 5.4495e+02
 5.4435e+02 5.5735e+02 5.6110e+02]"
5,"(0.2, 0.01, 1, 2000)",0.2,0.01,1.0,2000,"[5.70000e-01 2.29000e+00 7.12000e+00 1.36200e+01 2.23700e+01 3.30090e+02
 7.26680e+02 6.61330e+02 1.38751e+03 9.52910e+02 1.18123e+03 1.07767e+03
 1.11816e+03 8.40050e+02 8.59790e+02]","[2.50000e-01 1.75000e+00 5.45000e+00 1.11500e+01 1.52000e+01 3.09600e+02
 6.75850e+02 6.53950e+02 1.43295e+03 1.02310e+03 1.21645e+03 1.07520e+03
 1.03775e+03 8.37250e+02 8.52150e+02]"
6,"(0.2, 0.1, 0.8, 1500)",0.2,0.1,0.8,1500,"[7.20000e-01 1.85000e+00 2.92000e+00 3.34000e+00 3.40000e+00 3.44000e+00
 1.44000e+01 2.76220e+02 3.46460e+02 6.90290e+02 1.41789e+03 1.78445e+03
 1.74289e+03 1.96122e+03 1.95278e+03]","[4.00000e-01 1.55000e+00 2.25000e+00 2.55000e+00 2.20000e+00 2.25000e+00
 1.20500e+01 2.52100e+02 2.97600e+02 6.67650e+02 1.41030e+03 1.76770e+03
 1.75425e+03 2.00000e+03 2.00000e+03]"
7,"(0.2, 0.1, 0.8, 2000)",0.2,0.1,0.8,2000,"[4.50000e-01 1.27000e+00 1.68000e+00 2.26000e+00 2.39000e+00 9.01000e+00
 1.27600e+01 5.43310e+02 4.40760e+02 1.49925e+03 7.53270e+02 1.23465e+03
 1.13508e+03 1.35003e+03 1.74762e+03]","[2.50000e-01 9.50000e-01 9.50000e-01 1.35000e+00 1.50000e+00 6.40000e+00
 8.75000e+00 5.57950e+02 4.32450e+02 1.47015e+03 7.36350e+02 1.22290e+03
 1.10420e+03 1.30120e+03 1.76075e+03]"
8,"(0.2, 0.1, 0.9, 1500)",0.2,0.1,0.9,1500,"[9.80000e-01 1.69000e+00 1.90000e+00 3.21000e+00 5.08000e+00 1.23700e+01
 7.31000e+01 2.33580e+02 5.31750e+02 3.68020e+02 9.29320e+02 1.51449e+03
 1.43197e+03 1.47307e+03 1.53893e+03]","[8.00000e-01 1.40000e+00 1.30000e+00 2.55000e+00 3.95000e+00 9.25000e+00
 6.67500e+01 2.22250e+02 4.86800e+02 3.13450e+02 9.04900e+02 1.54695e+03
 1.46905e+03 1.49540e+03 1.58390e+03]"
9,"(0.2, 0.1, 0.9, 2000)",0.2,0.1,0.9,2000,"[9.20000e-01 1.50000e+00 5.26000e+00 1.31800e+01 5.06500e+01 1.83700e+01
 1.75400e+02 1.08240e+02 5.62210e+02 9.17050e+02 6.73380e+02 8.95140e+02
 1.35450e+03 1.53893e+03 1.49028e+03]","[6.50000e-01 9.50000e-01 4.10000e+00 8.90000e+00 4.33000e+01 1.57000e+01
 2.06950e+02 8.20000e+01 4.91000e+02 8.94000e+02 6.90150e+02 8.60350e+02
 1.35080e+03 1.52415e+03 1.47230e+03]"
10,"(0.2, 0.1, 1, 1500)",0.2,0.1,1.0,1500,"[8.40000e-01 1.61000e+00 3.24000e+00 3.93000e+00 6.98000e+00 1.92700e+01
 2.32120e+02 1.13920e+02 3.04760e+02 3.62900e+02 9.05550e+02 1.36346e+03
 1.19130e+03 1.39115e+03 1.22776e+03]","[7.50000e-01 1.05000e+00 2.10000e+00 2.75000e+00 4.60000e+00 1.22000e+01
 2.27300e+02 8.72500e+01 2.81950e+02 3.18850e+02 9.07050e+02 1.39315e+03
 1.17710e+03 1.35930e+03 1.19600e+03]"
11,"(0.2, 0.1, 1, 2000)",0.2,0.1,1.0,2000,"[7.00000e-01 1.41000e+00 3.34000e+00 4.78000e+00 5.91000e+00 2.19300e+02
 1.33410e+02 3.42930e+02 6.42400e+01 4.54760e+02 2.74670e+02 1.10830e+02
 6.16200e+02 1.07403e+03 1.08693e+03]","[3.00000e-01 8.50000e-01 2.20000e+00 4.70000e+00 4.80000e+00 2.14250e+02
 9.53000e+01 3.22700e+02 5.07500e+01 4.36700e+02 2.61050e+02 8.74500e+01
 6.09250e+02 1.05165e+03 1.05750e+03]"
12,"(0.4666666666666667, 0.01, 0.8, 1500)",0.4666666666666667,0.01,0.8,1500,"[4.90000e-01 1.34000e+00 4.14000e+00 5.84000e+00 4.65000e+00 4.06890e+02
 1.95770e+02 4.25030e+02 3.41880e+02 1.16854e+03 1.20726e+03 1.60221e+03
 1.60177e+03 1.60156e+03 1.60140e+03]","[3.00000e-01 9.50000e-01 3.45000e+00 3.45000e+00 3.00000e+00 4.50100e+02
 1.52600e+02 4.17850e+02 3.70650e+02 1.22810e+03 1.20655e+03 1.60180e+03
 1.60090e+03 1.60095e+03 1.60115e+03]"
13,"(0.4666666666666667, 0.01, 0.8, 2000)",0.4666666666666667,0.01,0.8,2000,"[9.30000e-01 2.15000e+00 3.29000e+00 5.39000e+00 6.15000e+00 1.28590e+02
 1.02895e+03 5.89670e+02 7.95850e+02 7.37300e+02 1.01928e+03 9.40640e+02
 8.30120e+02 1.67142e+03 1.70915e+03]","[6.0000e-01 1.5500e+00 2.1500e+00 3.6000e+00 3.8500e+00 6.8850e+01
 1.0216e+03 5.5860e+02 8.1865e+02 7.1880e+02 1.0150e+03 9.7095e+02
 8.2150e+02 1.6655e+03 1.6969e+03]"
14,"(0.4666666666666667, 0.01, 0.9, 1500)",0.4666666666666667,0.01,0.9,1500,"[7.60000e-01 1.98000e+00 6.14000e+00 2.13300e+01 1.56700e+01 1.06860e+02
 1.03400e+03 1.13928e+03 6.37910e+02 8.74390e+02 1.29798e+03 1.37438e+03
 1.27448e+03 1.27932e+03 1.36672e+03]","[5.00000e-01 1.55000e+00 4.70000e+00 1.61000e+01 1.06000e+01 9.04000e+01
 1.04155e+03 1.16720e+03 6.23700e+02 8.49350e+02 1.28525e+03 1.39235e+03
 1.26485e+03 1.24830e+03 1.32225e+03]"
15,"(0.4666666666666667, 0.01, 0.9, 2000)",0.4666666666666667,0.01,0.9,2000,"[8.70000e-01 2.18000e+00 5.86000e+00 1.44800e+01 6.85000e+00 3.18970e+02
 6.29650e+02 9.18420e+02 7.24780e+02 1.32501e+03 9.68630e+02 1.30881e+03
 1.17822e+03 1.57861e+03 1.59061e+03]","[5.00000e-01 1.50000e+00 4.65000e+00 1.26000e+01 5.30000e+00 2.92450e+02
 6.24050e+02 9.17850e+02 6.99300e+02 1.29110e+03 1.02080e+03 1.29005e+03
 1.23165e+03 1.62400e+03 1.63760e+03]"
16,"(0.4666666666666667, 0.01, 1, 1500)",0.4666666666666667,0.01,1.0,1500,"[9.0000e-01 3.3600e+00 5.4000e+00 2.6520e+01 4.1370e+01 7.7964e+02
 9.8201e+02 3.1343e+02 5.3914e+02 5.2148e+02 1.3357e+02 6.1755e+02
 6.1894e+02 6.1865e+02 6.1496e+02]","[7.0000e-01 2.4000e+00 4.2000e+00 2.0500e+01 2.9050e+01 7.3500e+02
 1.0151e+03 3.1390e+02 4.7610e+02 5.5895e+02 9.7250e+01 6.2805e+02
 6.2580e+02 6.2875e+02 6.2560e+02]"
17,"(0.4666666666666667, 0.01, 1, 2000)",0.4666666666666667,0.01,1.0,2000,"[6.0000e-01 2.1200e+00 7.1300e+00 2.6070e+01 3.1640e+01 6.5573e+02
 2.6017e+02 6.6215e+02 8.3367e+02 1.1107e+02 6.8640e+01 1.7500e+02
 2.9081e+02 3.1030e+02 3.2355e+02]","[2.0000e-01 1.6000e+00 5.4500e+00 1.0950e+01 2.3900e+01 6.4295e+02
 2.4230e+02 6.5480e+02 9.2940e+02 7.6500e+01 5.5600e+01 1.1280e+02
 2.4435e+02 2.8440e+02 3.2310e+02]"
18,"(0.4666666666666667, 0.1, 0.8, 1500)",0.4666666666666667,0.1,0.8,1500,"[5.8000e-01 8.5000e-01 2.6900e+00 2.0000e+00 3.8500e+00 4.7300e+00
 2.4580e+01 2.5445e+02 2.2632e+02 4.6357e+02 2.6155e+02 4.9291e+02
 5.0222e+02 6.9747e+02 7.0304e+02]","[1.5000e-01 6.5000e-01 2.0500e+00 1.2000e+00 2.7000e+00 3.9000e+00
 2.0350e+01 2.4430e+02 2.2040e+02 4.4535e+02 2.4665e+02 4.7550e+02
 4.7905e+02 6.7995e+02 6.5560e+02]"
19,"(0.4666666666666667, 0.1, 0.8, 2000)",0.4666666666666667,0.1,0.8,2000,"[7.4000e-01 9.9000e-01 1.8500e+00 3.0700e+00 1.2900e+00 7.8700e+00
 1.1850e+01 3.1900e+01 1.7511e+02 3.4643e+02 8.3623e+02 1.8055e+02
 4.2192e+02 7.6501e+02 9.0570e+02]","[4.5000e-01 6.5000e-01 1.2000e+00 2.1000e+00 5.5000e-01 5.6500e+00
 1.0950e+01 2.6500e+01 1.2990e+02 3.3040e+02 8.2570e+02 1.4695e+02
 4.1875e+02 7.5755e+02 8.8860e+02]"
20,"(0.4666666666666667, 0.1, 0.9, 1500)",0.4666666666666667,0.1,0.9,1500,"[6.8000e-01 1.7000e+00 2.9800e+00 5.1100e+00 3.2800e+00 7.0900e+00
 9.8860e+01 2.2368e+02 2.9535e+02 4.4599e+02 7.3383e+02 2.6889e+02
 6.5468e+02 9.7732e+02 9.4096e+02]","[4.5000e-01 1.1500e+00 1.6000e+00 3.5000e+00 2.7000e+00 5.6500e+00
 8.4700e+01 2.1670e+02 2.6345e+02 4.3485e+02 6.9590e+02 2.4685e+02
 6.4025e+02 9.4150e+02 8.9230e+02]"
21,"(0.4666666666666667, 0.1, 0.9, 2000)",0.4666666666666667,0.1,0.9,2000,"[5.2000e-01 1.6100e+00 2.7700e+00 3.5800e+00 3.3800e+00 6.3600e+00
 8.4800e+00 3.3230e+01 2.5292e+02 2.2537e+02 2.4383e+02 2.6016e+02
 1.8790e+02 6.4172e+02 6.5245e+02]","[4.0000e-01 1.3000e+00 2.2500e+00 2.0500e+00 2.5000e+00 4.4000e+00
 5.5500e+00 2.7700e+01 2.3180e+02 2.5575e+02 2.3110e+02 2.6755e+02
 1.9485e+02 6.3395e+02 6.5775e+02]"
22,"(0.4666666666666667, 0.1, 1, 1500)",0.4666666666666667,0.1,1.0,1500,"[2.6000e-01 2.0000e+00 1.3900e+00 3.3400e+00 5.0800e+00 9.6000e+00
 1.2310e+01 9.5000e+00 2.1405e+02 1.4630e+01 7.3540e+01 8.0420e+01
 2.5555e+02 3.6453e+02 1.5826e+02]","[  0.     1.5    1.05   2.65   3.35   8.05   8.7    7.05 211.5   13.55
  50.45  50.9  272.55 317.75 143.  ]"
23,"(0.4666666666666667, 0.1, 1, 2000)",0.4666666666666667,0.1,1.0,2000,"[  1.04   2.94   2.3    3.82   3.45   7.04   8.71  40.03  26.6   15.65
  67.31 100.46  23.03 562.16 570.43]","[  0.65   2.2    1.75   2.9    2.85   5.15   8.    24.5   21.15  12.5
  54.55  76.25  14.4  538.25 533.95]"
24,"(0.7333333333333334, 0.01, 0.8, 1500)",0.7333333333333334,0.01,0.8,1500,"[4.1000e-01 2.1100e+00 2.8800e+00 7.6800e+00 5.8300e+00 2.0857e+02
 4.1323e+02 2.5100e+01 4.1991e+02 5.6664e+02 1.3369e+02 3.8128e+02
 3.6871e+02 3.8231e+02 3.4330e+02]","[2.0000e-01 1.6500e+00 1.9000e+00 4.1000e+00 4.2500e+00 2.0560e+02
 4.0700e+02 1.5950e+01 4.3090e+02 5.3940e+02 1.2965e+02 4.0435e+02
 4.0435e+02 4.0430e+02 3.6940e+02]"
25,"(0.7333333333333334, 0.01, 0.8, 2000)",0.7333333333333334,0.01,0.8,2000,"[2.1000e-01 2.2700e+00 3.6000e+00 6.6000e+00 8.8200e+00 3.5811e+02
 1.7850e+01 6.4041e+02 3.7729e+02 2.6736e+02 3.0590e+01 3.5150e+01
 5.3010e+01 3.9840e+01 5.1850e+01]","[  0.     1.85   2.95   4.9    5.85 399.1   11.2  612.25 428.55 254.8
  20.65  29.3   40.5   36.25  46.3 ]"
26,"(0.7333333333333334, 0.01, 0.9, 1500)",0.7333333333333334,0.01,0.9,1500,"[  0.42   3.02   6.37  14.44  13.03  46.53  26.47  67.14 318.24 243.37
  26.59 312.04 303.54 363.48 332.12]","[3.0000e-01 2.1000e+00 4.5000e+00 8.8500e+00 9.1000e+00 2.5850e+01
 2.2000e+01 6.2700e+01 3.0720e+02 2.3275e+02 1.9150e+01 2.8350e+02
 2.8030e+02 3.4830e+02 2.9315e+02]"
27,"(0.7333333333333334, 0.01, 0.9, 2000)",0.7333333333333334,0.01,0.9,2000,"[5.4000e-01 1.0700e+00 1.8366e+02 6.6700e+00 5.5100e+00 5.7220e+01
 4.2142e+02 1.4211e+02 6.5090e+01 6.7376e+02 2.2926e+02 2.6125e+02
 3.0769e+02 6.9871e+02 7.0659e+02]","[4.0000e-01 6.5000e-01 2.0340e+02 5.4000e+00 4.2000e+00 3.9750e+01
 4.4100e+02 1.2395e+02 4.8450e+01 6.5875e+02 2.2205e+02 2.4455e+02
 2.8455e+02 6.6765e+02 6.8555e+02]"
28,"(0.7333333333333334, 0.01, 1, 1500)",0.7333333333333334,0.01,1.0,1500,"[ 0.8   2.43  6.74  6.99 41.87 55.75 20.51 42.27 18.36 36.17 31.69 45.71
 67.56 63.6  51.2 ]","[ 0.6   1.85  5.8   5.65 38.8  51.35 13.1  31.2  12.4  29.5  24.45 32.25
 47.85 38.5  32.7 ]"
29,"(0.7333333333333334, 0.01, 1, 2000)",0.7333333333333334,0.01,1.0,2000,"[3.6000e-01 1.5900e+00 5.0700e+00 1.8070e+01 2.2600e+01 2.5090e+02
 5.5730e+01 5.0400e+01 3.9710e+01 2.8380e+01 4.5681e+02 8.1880e+01
 2.3546e+02 5.0359e+02 5.3954e+02]","[1.5000e-01 1.3500e+00 4.0000e+00 9.6000e+00 1.4850e+01 2.4775e+02
 4.3800e+01 3.4050e+01 2.0500e+01 2.2350e+01 4.4135e+02 6.8950e+01
 2.2295e+02 4.8375e+02 5.4080e+02]"
30,"(0.7333333333333334, 0.1, 0.8, 1500)",0.7333333333333334,0.1,0.8,1500,"[2.2000e-01 7.3000e-01 1.4200e+00 1.9900e+00 1.5000e+00 6.5500e+00
 1.3650e+01 7.4200e+00 7.3700e+00 1.0765e+02 2.0624e+02 2.1500e+02
 2.2272e+02 2.1987e+02 2.2604e+02]","[1.5000e-01 4.5000e-01 1.0000e+00 1.4000e+00 9.5000e-01 5.1000e+00
 6.7500e+00 4.1500e+00 5.4000e+00 8.1250e+01 2.0450e+02 2.1055e+02
 2.1835e+02 2.1275e+02 2.1500e+02]"
31,"(0.7333333333333334, 0.1, 0.8, 2000)",0.7333333333333334,0.1,0.8,2000,"[ 0.51  1.37  1.87  1.93  4.02  4.22  7.69 40.44 85.77 30.06 12.13 24.3
 15.9  26.74 33.05]","[ 0.35  0.85  1.35  1.4   2.65  2.95  4.7  25.75 65.85 22.    8.4  17.5
 10.2  18.8  22.55]"
32,"(0.7333333333333334, 0.1, 0.9, 1500)",0.7333333333333334,0.1,0.9,1500,"[3.7000e-01 9.8000e-01 2.4500e+00 1.9700e+00 3.8100e+00 7.5100e+00
 8.8100e+00 5.3170e+01 1.7120e+02 3.9700e+01 8.8000e+00 4.2386e+02
 4.3316e+02 2.3171e+02 2.3040e+02]","[1.5000e-01 4.0000e-01 1.7500e+00 1.3000e+00 2.9000e+00 5.5500e+00
 7.5500e+00 3.2200e+01 1.7800e+02 3.1250e+01 6.8500e+00 4.1575e+02
 4.3140e+02 2.2710e+02 2.1665e+02]"
33,"(0.7333333333333334, 0.1, 0.9, 2000)",0.7333333333333334,0.1,0.9,2000,"[  0.33   0.97   2.17   1.75   3.97   5.72   8.55   9.14   9.04  51.08
  15.84  11.32  47.   211.92 215.62]","[1.0000e-01 5.0000e-01 1.9500e+00 1.5000e+00 3.2500e+00 3.8000e+00
 5.3500e+00 6.4000e+00 6.2000e+00 3.8300e+01 1.3350e+01 9.7500e+00
 2.3150e+01 2.0845e+02 2.0900e+02]"
34,"(0.7333333333333334, 0.1, 1, 1500)",0.7333333333333334,0.1,1.0,1500,"[ 1.    1.86  4.09  2.93  3.53  6.21 11.62  2.15  0.91  1.11  0.7   1.95
  1.3   1.08  1.13]","[0.75 1.45 2.9  2.1  2.25 4.1  7.05 1.6  0.6  0.7  0.25 1.2  1.05 0.75
 0.6 ]"
35,"(0.7333333333333334, 0.1, 1, 2000)",0.7333333333333334,0.1,1.0,2000,"[0.54 0.94 3.28 2.92 2.12 5.55 3.12 2.08 3.62 1.46 0.37 0.48 0.42 0.29
 0.43]","[0.35 0.45 2.2  2.55 1.25 4.   2.   1.1  3.35 0.9  0.15 0.25 0.2  0.
 0.3 ]"
36,"(1.0, 0.01, 0.8, 1500)",1.0,0.01,0.8,1500,"[ 0.48  1.37  1.81  3.95 17.38  8.51  4.01  1.8   1.73  5.56  2.15  2.54
  2.9   3.68  2.6 ]","[ 0.3   0.9   1.3   3.2  12.    5.6   3.    1.1   0.95  4.    1.5   1.8
  1.5   2.5   1.75]"
37,"(1.0, 0.01, 0.8, 2000)",1.0,0.01,0.8,2000,"[ 0.41  0.77  5.21  8.13 17.24  4.8   2.85  1.98  1.37  2.    2.68  1.38
  1.65  9.72  7.45]","[ 0.2   0.45  4.15  5.8  11.05  1.6   2.2   1.3   0.85  1.6   1.7   0.75
  1.    6.15  6.05]"
38,"(1.0, 0.01, 0.9, 1500)",1.0,0.01,0.9,1500,"[0.51 1.22 2.81 5.24 5.15 6.74 1.69 1.72 1.51 1.09 1.83 4.31 3.41 4.62
 3.48]","[0.3  0.9  1.95 4.05 2.75 5.7  1.   1.25 0.9  0.7  0.85 3.6  2.2  2.9
 3.  ]"
39,"(1.0, 0.01, 0.9, 2000)",1.0,0.01,0.9,2000,"[ 0.53  2.21  3.79  9.3   7.74  2.74 10.78  2.24  1.55  1.25  1.52  1.84
  1.87  2.85  3.05]","[0.4  0.8  2.7  6.6  6.7  2.05 6.8  1.45 1.15 0.9  1.3  1.35 1.6  2.15
 2.3 ]"
40,"(1.0, 0.01, 1, 1500)",1.0,0.01,1.0,1500,"[0.45 3.92 2.1  5.98 8.2  3.19 2.92 0.9  0.29 0.24 0.36 0.26 0.29 0.34
 0.28]","[0.2  2.9  1.45 3.55 7.2  1.85 2.35 0.4  0.05 0.05 0.   0.1  0.05 0.25
 0.05]"
41,"(1.0, 0.01, 1, 2000)",1.0,0.01,1.0,2000,"[0.55 2.31 5.79 4.35 6.67 2.84 2.24 0.53 0.41 0.29 0.1  0.13 0.1  0.69
 0.68]","[0.4  1.75 4.35 3.4  4.85 2.   1.9  0.2  0.1  0.05 0.   0.   0.   0.4
 0.5 ]"
42,"(1.0, 0.1, 0.8, 1500)",1.0,0.1,0.8,1500,"[ 0.65  0.96  1.65  3.12  3.09  1.46  1.95  2.53  2.38  2.35  1.97 23.56
 15.16 20.49 22.98]","[ 0.45  0.35  1.2   2.    2.1   1.1   1.4   2.1   1.3   1.5   1.35 16.5
 12.65 13.35 16.55]"
43,"(1.0, 0.1, 0.8, 2000)",1.0,0.1,0.8,2000,"[ 0.1   0.58  0.8   2.02  1.57  2.34  2.26  1.66  2.72  2.19  2.16  1.91
  2.33 78.41 49.01]","[ 0.    0.25  0.4   0.95  0.8   1.55  1.2   0.95  2.2   1.55  1.2   1.3
  1.8  40.75 45.6 ]"
44,"(1.0, 0.1, 0.9, 1500)",1.0,0.1,0.9,1500,"[0.3  0.65 1.88 2.82 1.99 1.7  1.92 1.56 1.15 1.44 0.7  1.87 1.45 2.76
 2.41]","[0.2  0.3  0.95 2.05 1.35 1.25 1.   0.85 0.45 0.8  0.4  1.15 0.95 2.2
 1.3 ]"
45,"(1.0, 0.1, 0.9, 2000)",1.0,0.1,0.9,2000,"[0.21 0.9  0.8  3.15 2.38 2.69 1.63 0.96 1.22 0.83 1.   0.88 1.5  6.6
 4.1 ]","[0.1  0.7  0.5  1.95 1.95 1.35 0.8  0.65 0.45 0.35 0.6  0.25 0.75 1.9
 2.55]"
46,"(1.0, 0.1, 1, 1500)",1.0,0.1,1.0,1500,"[0.58 0.82 2.15 1.45 1.55 1.6  0.95 0.58 0.21 0.31 0.2  0.19 0.09 0.34
 0.18]","[0.45 0.5  2.1  0.9  1.1  1.25 0.5  0.35 0.   0.1  0.05 0.05 0.   0.2
 0.05]"
47,"(1.0, 0.1, 1, 2000)",1.0,0.1,1.0,2000,"[0.42 1.47 1.69 2.07 2.14 1.9  1.04 0.3  0.21 0.13 0.07 0.09 0.17 0.11
 0.24]","[0.2  0.95 1.35 1.4  1.9  1.2  0.75 0.   0.   0.   0.   0.   0.   0.
 0.1 ]"
